                                                                                        
                                                                                        
                                      111111111                                         
                                  111100101000011111                                     
                              111100000000000000000011                                  
                      100000010101001           01010010                                
                   1000000000000                  0100001                               
                  10000000000000                   000101                               
                 1000000000000000                   00001                               
                 10000000000 000000    00000000000  00001                               
                 1000000000000000000 000000000000000 0001                               
                 10000000000000000  000000000000000000001                               
                10000  00000000000  000000000000000000001                               
               10000000000000000000 00000000000 000000001                               
              1000000000000000000   000000000000000000001                               
             1000000000000000000000000000000000000  00001                                
            10000          000000000000000000     000001                                
           10000                      0000000     000001                                
          100000                                 000001                                 
         100000                                 000001                                  
        100000                                  000001                                  
        10000                      0000        000001                                   
        1000                      000000000   000001                                    
        1000                      0000000000  00001                         111111111   
       10000                      000000000  00001                        100000000001  
       10000                     0000000000 00001                       1000000    0001  
       10000                     00000000  00001                     1000000    00001  
       10000                    000000000  000001                   1000000     00001   
       10000                    00000000   000000111111111111111   1000000     00001     
        1000                   00000000    000000000000000000001000000      00001      
        1000                   0000000     00000   00000   000000000      000001       
        1000                  00000000      000   00000000000000000      000001         
        10000               00000 00000         000000000000000000     0000001          
         1000             00000  0000000         0000000000000000000   00000001         
         10000            00000000000000                     00000000    000000001      
          10000            000000000000              0000       000000  0000000001      
          10000              0000                   0000        000000  00000001       
           100000                                000              00000    0001         
            10000000                            0000              00000     0001        
               1000000                          0000              00000000000001        
     111        1000000000                       0000           00000000000001         
    1000111    1000000000000000                  000         0000001              
    10000001111000 000011110000000000000           0000    0000001                      
    1000 00000000000001    100000000000000 0000000000000000001                        
     1000  0000000001         10000000000 0000000000000000001                           
      1000   000001         100000000000 00000 000000000001                              
       1000000001           10000000000  0001                                           
        1000001              10000000   0001                                            
          111                100000    0001                                             
                              100000  0001                                              
                               1000000001                                               
                                 1000001                                                
                                   111                                                  
                                                                                        
